Day,Sales,Trading Profit,Operating Expense,Net Profit
40,22145672,9090456,2892587,6197869
41,22898946,9257083,2968056,6289027
42,23067994,9271958,3246035,6025923
43,23240040,9389826,3317201,6072625
44,24600734,9871523,3423690,6447833
45,24816123,10019800,3509682,6510118
46,25108057,10258395,3595709,6662686
47,25304645,10403090,3666645,6736445
48,25506017,10533249,3738310,6794939
49,26218711,10712631,3819663,6892968
50,26364563,10821528,3889982,6931546
